# 'mode': 'charge_only' -> no FMO , charge    , atom ignored
# 'mode': 'FMO'         ->    FMO , charge    , connect_num, connect, seg_info
# 'mode': 'solv'        -> no FMO , nummol_seg
#
# atom   : [1st segment atom number, 2nd segment atom number, ... ]
# charge : [1st segment charge, 2nd segment charge, ... ]
# connect_num : [num of 1st segment broken bond, num of 2nd segment broken bond, ... ]
# connect : [[atom num of start atom, atom num of end atom], [atom num of start atom, atom num of end atom], ... ]
# nummol_seg : [num of mol in 1 segment(for cluster solvent)]
#
seg_data = [
                {
                    'name':'nafion',
                    'atom':[7, 6, 6, 6, 6, 6, 6, 6, 4, 6, 4, 8],
                    'charge':[1, 0, 0, 0, 0, 0, 0, 0, 0, 0, 0, -1],
                    'connect_num':[0, 1, 1, 1, 1, 1, 1, 1, 1, 1, 1, 1],
                    'connect':[[4 , 7],
                               [10, 14],
                               [16, 19],
                               [22, 26],
                               [28, 31],
                               [34, 38],
                               [40, 43],
                               [43, 50],
                               [51, 54],
                               [54, 60],
                               [64, 61]],
                    'seg_info': [[ 1,  2,  3,  4,  5, 6, 13],
                                 [ 7,  8,  9, 10, 11, 12],
                                 [14, 15, 16, 17, 18, 25],
                                 [19, 20, 21, 22, 23, 24],
                                 [26, 27, 28, 29, 30, 37],
                                 [31, 32, 33, 34, 35, 36],
                                 [38, 39, 40, 41, 42, 49],
                                 [43, 44, 45, 46, 47, 48],
                                 [50, 51, 52, 53],
                                 [54, 55, 56, 57, 58, 59],
                                 [60, 64, 65, 71],
                                 [61, 62, 63, 66, 67, 68, 69, 70]],
                    'term': [2, 48],
                    'repeat': [5]
                },
                {
                    'name':'POPC',
                    'atom':[16, 11, 12, 10, 12, 10, 12, 12, 12, 7, 11,  9],
                    'charge':[ 2, -1,  0,  0,  0, -1,  0,  0,  0, -1, 1,  0],
                    'connect_num':[ 0, 1, 1, 1, 1, 1, 1, 1, 1, 1, 1, 1],
                    'connect':[[ 1, 17],
                              [33, 39],
                              [42, 51],
                              [54, 61],
                              [73, 72],
                              [86, 88],
                              [97, 104],
                              [113, 114],
                              [124, 123],
                              [18, 32],
                              [32, 87]],
                    'seg_info': [[1,  2,  3,  4,  5,  6,  7,  8,  9, 10, 11, 12, 13, 14, 15, 16],
                                 [17, 18, 19, 20, 21, 22, 23, 24, 25, 26, 27],
                                 [39, 40, 41, 42, 43, 44, 45, 46, 47, 48, 49, 50],
                                 [51, 52, 53, 54, 55, 56, 57, 58, 59, 60],
                                 [61, 62, 63, 64, 65, 66, 67, 68, 69, 73, 81, 82],
                                 [70, 71, 72, 74, 75, 76, 77, 78, 79, 80],
                                 [88, 93, 94, 95, 96, 97, 98, 99, 100, 101, 102, 103],
                                 [104, 105, 106, 107, 108, 109, 110, 111, 112, 113, 116, 117],
                                 [114, 115, 118, 119, 120, 121, 124, 125, 131, 132, 133, 134],
                                 [122, 123, 126, 127, 128, 129, 130],
                                 [28, 29, 30, 31, 32, 33, 34, 35, 36, 37, 38],
                                 [83, 84, 85, 86, 87, 89, 90, 91, 92]]
                },
                {
                    'name':'DOPC',
                    'atom':[16, 11, 11, 12, 10, 9, 13, 12, 12, 10, 9, 13],
                    'charge':[ 2, -1,  1,  0,  0,  0,  -1,  0,  0, 0, 0, -1],
                    'connect_num':[ 0, 1, 1, 1, 1, 1, 1, 1, 1, 1, 1, 1],
                    'connect':[[ 1, 17],
                              [18, 32],
                              [33, 39],
                              [42, 51],
                              [54, 61],
                              [63, 73],
                              [32, 87],
                              [88, 95],
                              [98, 107],
                              [110, 117],
                              [119, 129]],
                    'seg_info': [[1,  2,  3,  4,  5,  6,  7,  8,  9, 10, 11, 12, 13, 14, 15, 16],
                                 [17, 18, 19, 20, 21, 22, 23, 24, 25, 26, 27],
                                 [28, 29, 30, 31, 32, 33, 34, 35, 36, 37, 38],
                                 [39, 40, 41, 42, 43, 44, 45, 46, 47, 48, 49, 50],
                                 [51, 52, 53, 54, 55, 56, 57, 58, 59, 60],
                                 [61, 62, 63, 64, 65, 66, 67, 68, 69],
                                 [70, 71, 72, 73, 74, 75, 76, 77, 78, 79, 80, 81, 82],
                                 [83, 84, 85, 86, 87, 88, 89, 90, 91, 92, 93, 94],
                                 [95, 96, 97, 98, 99, 100, 101, 102, 103, 104, 105, 106],
                                 [107, 108, 109, 110, 111, 112, 113, 114, 115, 116],
                                 [117, 118, 119, 120, 121, 122, 123, 124, 125],
                                 [126, 127, 128, 129, 130, 131, 132, 133, 134, 135, 136, 137, 138]]
                }
            ]
#        1      17
#       18      32
#       33      39
#       42      51
#       54      61
#       63      73
#       32      87
#       88      95
#       98     107
#      110     117
#      119     129
# 
#       16      11      11      12      10       9      13      12      12      10
#        9      13
#        1       0       1       0       0       0      -1       0       0       0
#        0      -1
#        0       1       1       1       1       1       1       1       1       1
#        1       1
#        1       2       3       4       5       6       7       8       9      10
#       11      12      13      14      15      16
#       17      18      19      20      21      22      23      24      25      26
#       27
#       28      29      30      31      32      33      34      35      36      37
#       38
#       39      40      41      42      43      44      45      46      47      48
#       49      50
#       51      52      53      54      55      56      57      58      59      60
#       61      62      63      64      65      66      67      68      69
#       70      71      72      73      74      75      76      77      78      79
#       80      81      82
#       83      84      85      86      87      88      89      90      91      92
#       93      94
#       95      96      97      98      99     100     101     102     103     104
#      105     106
#      107     108     109     110     111     112     113     114     115     116
#      117     118     119     120     121     122     123     124     125
#      126     127     128     129     130     131     132     133     134     135
#      136     137     138

